Caroline Islands  (2740,1283)  (2788,1273)
Iwo Jima  (2795,859)
Northwestern China  (2109,631)  (2061,666)  (2061,618)  (2153,679)  (2157,615)  (2057,570)  (2201,663)  (2013,647)  (2249,619)  (2249,667)  (2295,715)  (2297,615)  (2297,663)
15 Sea Zone  (756,895)  (783,847)  (804,895)
North Africa  (812,986)  (754,994)  (860,967)  (929,1003)  (977,1003)  (1012,1051)  (1060,1036)
27 Sea Zone  (1449,1651)  (1401,1657)  (1401,1609)  (1496,1699)  (1449,1603)  (1497,1603)  (1497,1651)  (1358,1561)  (1353,1683)  (1353,1635)  (1544,1699)  (1544,1747)  (1496,1747)  (1406,1555)  (1454,1555)  (1502,1555)  (1545,1603)  (1545,1651)  (1550,1550)  (1448,1764)  (1310,1587)  (1305,1721)  (1305,1673)  (1592,1699)  (1592,1747)  (1592,1795)  (1544,1795)  (1496,1795)  (1593,1598)  (1593,1646)  (1303,1796)  (1598,1526)  (1448,1812)  (1640,1694)  (1640,1742)  (1640,1790)  (1640,1838)  (1592,1843)  (1544,1843)  (1496,1843)  (1641,1574)  (1641,1622)  (1301,1844)  (1253,1846)  (1646,1526)  (1448,1860)  (1683,1886)  (1635,1891)  (1587,1891)  (1539,1891)  (1309,1892)  (1261,1894)  (1491,1908)  (1443,1908)  (1213,1914)  (1395,1929)  (1685,1934)  (1637,1939)  (1589,1939)  (1541,1939)  (1347,1940)  (1299,1942)  (1165,1949)
Karelia  (1356,233)  (1308,255)  (1308,207)  (1403,281)  (1369,185)  (1404,233)  (1417,172)  (1451,281)  (1452,220)  (1257,140)  (1500,220)  (1219,76)  (1267,56)
Afghanistan  (1816,863)
41 Sea Zone  (3393,912)  (3430,960)  (3350,864)  (3398,864)  (3441,912)  (3451,1008)  (3451,1056)  (3451,1104)  (3451,1152)  (3451,1200)  (3451,1248)
French Equatorial Africa  (940,1292)  (892,1339)  (892,1291)  (987,1340)  (940,1244)  (988,1244)  (988,1292)  (890,1243)  (1035,1340)  (998,1388)  (950,1388)  (1036,1245)  (853,1195)  (901,1195)  (1052,1388)
Spain Portugal  (613,814)  (623,862)  (593,766)  (641,766)  (661,814)  (709,774)
40 Sea Zone  (3193,1128)  (3145,1175)  (3145,1127)  (3240,1176)  (3193,1080)  (3241,1080)  (3241,1128)  (3143,1079)  (3192,1223)  (3144,1223)  (3097,1175)  (3097,1127)  (3288,1176)  (3288,1224)  (3240,1224)  (3096,1224)  (3225,1032)  (3273,1032)  (3289,1080)  (3289,1128)  (3095,1079)  (3095,1031)  (3321,1000)  (3336,1176)  (3336,1224)  (3203,984)  (3251,984)  (3337,1048)  (3337,1096)  (3122,955)  (3299,952)  (3369,986)  (3170,936)  (3218,936)
4 Sea Zone  (1363,12)  (1411,1)  (1436,49)  (1459,1)  (1507,1)  (1555,1)
18 Sea Zone  (1385,805)  (1433,810)  (1481,789)
46 Sea Zone  (2480,917)  (2503,869)  (2528,917)  (2427,1005)
Southeast Asia  (2194,1053)  (2146,1060)  (2146,1012)  (2241,1101)  (2242,1029)  (2157,964)  (2289,1077)
Middle East  (1416,995)  (1445,1043)  (1397,1043)  (1464,983)  (1576,949)  (1624,909)  (1672,900)  (1720,900)
26 Sea Zone  (895,1872)  (942,1920)  (894,1920)  (882,1824)  (930,1824)  (943,1872)  (978,1802)  (990,1920)  (882,1776)  (930,1776)  (991,1850)  (1038,1898)  (1038,1946)  (882,1728)  (930,1728)  (978,1711)  (882,1680)  (930,1680)
Coastal China  (2385,826)  (2337,838)  (2418,874)  (2359,778)  (2407,778)  (2433,826)  (2408,922)  (2364,730)  (2412,730)  (2370,682)
7 Sea Zone  (897,375)  (791,415)  (839,416)  (806,460)  (886,417)
38 Sea Zone  (2607,1225)  (2559,1263)  (2654,1273)  (2585,1177)  (2655,1187)  (2606,1311)  (2702,1235)  (2682,1321)  (2579,1129)  (2703,1187)  (2730,1325)  (2479,1263)  (2467,1130)  (2463,1082)  (2541,1081)  (2589,1081)  (2751,1187)  (2778,1323)  (2434,1178)  (2431,1263)  (2419,1130)  (2505,1033)  (2553,1033)  (2601,1033)  (2799,1187)  (2826,1321)  (2837,1235)  (2560,985)  (2608,985)  (2615,937)
West Indies  (224,927)  (272,944)
Turkey  (1445,907)  (1397,921)  (1493,887)  (1349,932)
29 Sea Zone  (1812,1291)  (1764,1338)  (1764,1290)  (1859,1339)  (1812,1243)  (1860,1273)  (1762,1242)  (1907,1321)  (1810,1195)  (1734,1194)  (1913,1273)  (1935,1224)  (1953,1166)  (1955,1321)  (1782,1147)  (1734,1146)  (1961,1272)  (1983,1214)  (1955,1118)  (2001,1166)  (2003,1100)  (2003,1320)  (1734,1098)  (2009,1262)  (2008,1052)  (1734,1050)
Mexico  (3408,802)  (3389,754)  (3453,804)
French Madagascar  (1369,1811)  (1370,1859)  (1371,1763)
Mozambique  (1229,1775)  (1244,1727)
28 Sea Zone  (1503,1359)  (1455,1406)  (1550,1407)  (1465,1311)  (1513,1311)  (1551,1359)  (1561,1301)  (1502,1454)  (1454,1454)  (1598,1407)  (1598,1455)  (1550,1455)  (1406,1455)  (1495,1263)  (1599,1349)  (1543,1253)  (1591,1253)  (1609,1301)  (1639,1223)  (1364,1275)  (1646,1397)  (1646,1445)  (1647,1349)  (1353,1227)  (1589,1205)  (1657,1271)  (1322,1179)  (1637,1175)  (1685,1175)  (1680,1127)  (1685,1008)
23 Sea Zone  (554,1397)  (601,1445)  (553,1445)  (538,1349)  (586,1349)  (602,1397)  (649,1445)  (649,1493)  (601,1493)  (553,1493)  (538,1301)  (697,1428)  (697,1476)  (538,1253)  (745,1439)  (745,1487)  (539,1205)  (793,1507)  (517,1157)  (517,1109)  (517,1061)  (565,1038)
Wake Island  (2898,1081)
Iceland  (813,26)
Saudi Arabia  (1469,1126)  (1421,1173)  (1421,1125)  (1508,1174)  (1512,1078)  (1517,1126)  (1560,1038)  (1444,1221)  (1565,1086)  (1565,1134)  (1613,1069)
30 Sea Zone  (1984,1611)  (1936,1658)  (1936,1610)  (2031,1659)  (1984,1563)  (2032,1563)  (2032,1611)  (1934,1562)  (1983,1706)  (1935,1706)  (1888,1658)  (1888,1610)  (2079,1659)  (2079,1707)  (2031,1707)  (1887,1707)  (1982,1515)  (2030,1515)  (2078,1515)  (2080,1563)  (2080,1611)  (1886,1562)  (1886,1514)  (1934,1514)  (2126,1469)  (1983,1754)  (1935,1754)  (1840,1659)  (1840,1611)  (2127,1659)  (2127,1707)  (2127,1755)  (2079,1755)  (2031,1755)  (1887,1755)  (1839,1755)  (1839,1707)  (1982,1467)  (2030,1467)  (2078,1467)  (2128,1517)  (2128,1565)  (1838,1563)  (1838,1515)  (1838,1467)  (1886,1466)  (1934,1466)  (2126,1421)  (1983,1802)  (1935,1802)  (1792,1659)  (1792,1611)  (2175,1613)  (2175,1661)  (2175,1709)  (2175,1757)  (2127,1803)  (2079,1803)  (2031,1803)  (1887,1803)  (1839,1803)  (1791,1803)  (1791,1755)  (1791,1707)  (1791,1419)  (1982,1419)  (2030,1419)  (2078,1419)  (2176,1523)  (1790,1563)  (1790,1515)  (1790,1467)  (1839,1418)  (1887,1418)  (2177,1805)  (1983,1850)  (1935,1850)  (1744,1659)  (1744,1611)  (2223,1571)  (2223,1619)  (2223,1667)  (2223,1715)  (2129,1851)  (2081,1851)  (2033,1851)  (1887,1851)  (1839,1851)  (1791,1851)  (1743,1851)  (1743,1803)  (1743,1755)  (1743,1707)  (1743,1419)  (2095,1371)  (1742,1563)  (1742,1515)  (1742,1467)  (2225,1763)  (2225,1811)  (2177,1853)  (2231,1859)  (1985,1898)  (1937,1898)  (2271,1554)  (2271,1602)  (2271,1650)  (2271,1698)  (2129,1899)  (2081,1899)  (2033,1899)  (1889,1899)  (1841,1899)  (1793,1899)  (1745,1899)  (2094,1323)  (2273,1746)  (2273,1794)  (2183,1901)  (2279,1842)  (2279,1890)  (2231,1907)  (2310,1938)  (1985,1946)  (1937,1946)  (2319,1554)  (2319,1602)  (2319,1650)  (2319,1698)  (2135,1947)  (2087,1947)  (2039,1947)  (1889,1947)  (1841,1947)  (1793,1947)  (1745,1947)  (2321,1746)  (2321,1794)  (2183,1949)  (2327,1842)  (2327,1890)  (2367,1560)
11 Sea Zone  (240,744)  (287,792)  (239,792)  (245,696)  (288,744)  (293,691)  (324,840)  (276,840)  (228,840)  (143,840)  (298,643)  (130,792)  (95,854)  (82,806)  (34,812)
2 Sea Zone  (450,135)  (497,183)  (449,183)  (432,87)  (480,87)  (498,135)  (528,57)  (545,183)  (545,231)  (497,231)  (449,39)  (546,105)  (497,9)  (545,9)
Switzerland  (921,671)
16 Sea Zone  (971,943)  (945,895)  (1019,922)  (1041,970)  (875,847)  (923,847)  (1118,954)  (1166,941)
Soviet Far East  (2661,81)  (2613,128)  (2613,80)  (2708,129)  (2661,33)  (2709,33)  (2709,81)  (2611,32)  (2660,176)  (2565,131)  (2565,83)  (2756,129)  (2756,177)  (2708,177)  (2757,1)  (2757,49)  (2563,35)  (2517,136)  (2517,88)  (2804,97)  (2804,145)  (2770,225)  (2805,1)  (2805,49)  (2515,40)  (2852,97)  (2853,1)  (2853,49)  (2900,97)  (2901,1)  (2901,49)
Western United States  (3322,594)  (3359,642)  (3326,546)  (3370,594)  (3374,542)  (3407,642)  (3407,690)  (3418,590)  (3422,499)
43 Sea Zone  (3047,708)  (3088,756)  (3047,660)  (3095,660)  (3095,708)  (3136,756)  (3136,804)  (3088,804)  (3047,612)  (3143,621)  (3143,669)  (3155,852)  (3107,852)  (3059,852)  (3047,564)  (3150,558)  (3095,552)  (3047,516)  (3143,510)  (3095,504)
Urals  (2064,293)  (2016,340)  (2016,292)  (2111,341)  (2064,245)  (2112,245)  (2112,293)  (2014,244)  (2063,388)  (2015,388)  (1968,340)  (2159,341)  (2159,389)  (2111,389)  (1967,389)  (2062,197)  (2110,197)  (2158,197)  (2160,245)  (2160,293)  (1997,196)  (2206,151)  (2063,436)  (2015,436)  (2207,341)  (2207,389)  (1967,437)  (1919,437)  (1919,389)  (2045,149)  (2093,149)  (2141,149)  (2208,199)  (2208,247)  (1985,148)  (2189,103)  (2034,484)  (1986,485)  (1938,485)  (2033,101)  (2081,101)  (2129,101)  (2177,55)  (1998,533)  (1950,533)  (2057,53)  (2105,53)  (1902,569)  (2153,7)  (2201,7)  (2084,5)  (1931,617)
39 Sea Zone  (2902,1136)  (2854,1138)  (2949,1184)  (2943,1088)  (2950,1136)  (2901,1186)  (2842,1057)  (2991,1047)  (2997,1184)  (2890,1040)  (2938,1040)  (2998,1095)  (2841,1009)  (2986,999)  (2889,992)  (2937,992)  (2841,961)  (2985,951)  (2889,944)  (2937,944)
19 Sea Zone  (0,1047)  (8,1095)  (0,999)  (0,1143)  (0,1215)
Mongolia  (2218,515)  (2170,543)  (2170,495)  (2249,563)  (2266,488)  (2297,536)  (2314,488)  (2362,503)
Eire  (653,273)
Archangel  (1559,115)  (1511,159)  (1511,111)  (1606,163)  (1599,67)  (1607,115)  (1463,119)  (1654,163)  (1652,211)  (1604,211)  (1655,77)  (1702,125)  (1639,259)  (1591,259)  (1703,39)  (1751,1)  (1799,1)  (1847,1)  (1895,1)  (1911,49)  (1943,1)  (1959,49)  (1991,1)
20 Sea Zone  (8,1437)  (55,1485)  (7,1485)  (0,1389)  (48,1389)  (56,1437)  (96,1349)  (103,1485)  (103,1533)  (55,1533)  (7,1533)  (0,1341)  (48,1341)  (104,1397)  (107,1581)  (59,1581)  (11,1581)
East Mexico  (1,905)  (2,857)
Union of South Africa  (1121,1833)  (1146,1881)  (1133,1785)  (1169,1833)  (1181,1755)
Alaska  (3130,227)  (3082,274)  (3177,275)  (3118,179)  (3166,179)  (3178,227)  (3124,131)  (3172,131)  (3138,83)  (3186,83)  (3163,35)
Western Canada  (3319,261)  (3271,308)  (3271,260)  (3366,309)  (3319,213)  (3367,213)  (3367,261)  (3269,212)  (3318,356)  (3414,309)  (3414,357)  (3366,357)  (3317,165)  (3365,165)  (3413,165)  (3415,213)  (3415,261)  (3249,164)  (3318,404)  (3451,405)  (3403,405)  (3297,117)  (3345,117)  (3393,117)  (3441,117)  (3250,69)  (3298,69)  (3346,69)  (3394,69)  (3442,69)  (3250,21)  (3298,21)  (3346,21)  (3394,21)  (3442,21)
34 Sea Zone  (3028,1653)  (3051,1701)  (3046,1749)  (3135,1653)  (3150,1775)  (3018,1797)  (3176,1701)  (3183,1653)  (3198,1749)  (3198,1797)  (3150,1823)  (3102,1836)  (3216,1845)  (3168,1871)  (3120,1884)  (3216,1893)  (3072,1913)  (3168,1919)  (3120,1932)  (3024,1932)  (3216,1941)
Russia  (1781,270)  (1733,317)  (1733,269)  (1828,318)  (1781,222)  (1829,222)  (1829,270)  (1780,365)  (1831,366)  (1770,174)  (1818,174)  (1866,174)  (1877,222)  (1877,270)  (1914,137)  (1783,413)  (1833,414)  (1771,126)  (1819,126)  (1925,185)  (1925,233)  (1925,281)  (1785,461)  (1833,462)  (1820,78)  (1737,482)  (1785,509)  (1849,510)
Eastern Canada  (92,376)  (44,423)  (44,375)  (139,424)  (92,328)  (140,340)  (42,327)  (187,403)  (187,451)  (0,279)  (235,337)  (235,385)  (235,433)  (235,481)  (0,231)  (264,229)  (268,277)  (283,325)  (283,373)  (283,421)  (283,469)  (0,183)  (48,181)  (316,261)  (331,309)  (331,357)  (331,405)  (0,135)  (48,133)  (96,108)  (379,274)  (379,322)  (379,370)  (0,87)  (48,85)  (144,76)  (96,60)  (192,47)  (0,39)  (48,37)  (96,12)
Germany  (1016,541)  (968,588)  (968,540)  (1063,589)  (1016,493)  (1064,493)  (1064,541)  (1015,636)  (1111,589)  (1111,637)  (1063,637)  (1112,465)  (1112,513)  (1061,685)  (1160,468)  (1160,516)
Central America  (48,971)  (103,1007)
Japan  (2724,702)  (2704,751)  (2655,753)  (2766,659)  (2775,609)  (2764,561)  (2771,483)  (2617,802)  (2671,795)  (2771,708)
New Zealand  (3101,1732)  (3037,1858)  (3058,1815)  (3095,1777)
Angola  (1046,1714)  (1042,1762)  (1094,1693)
Chile Argentina  (184,1416)  (223,1464)  (175,1464)  (174,1368)  (222,1368)  (232,1416)  (221,1512)  (173,1512)  (163,1320)  (211,1320)  (280,1422)  (186,1560)  (139,1272)  (175,1608)
Ukraine  (1394,621)  (1346,598)  (1441,669)  (1393,669)  (1394,573)  (1442,573)  (1442,621)  (1490,651)
37 Sea Zone  (3017,1368)  (2969,1415)  (2969,1367)  (3064,1416)  (3017,1320)  (3065,1320)  (3065,1368)  (2967,1319)  (2921,1398)  (3112,1416)  (3112,1464)  (3064,1464)  (3113,1273)  (3113,1321)  (2919,1350)  (2919,1302)  (2912,1472)  (2979,1508)  (2873,1424)  (3160,1369)  (3160,1417)  (3160,1465)  (3112,1512)  (3161,1273)  (3161,1321)  (3161,1513)  (2931,1520)  (2883,1520)  (2864,1472)  (2835,1520)  (2825,1424)  (3208,1369)  (3208,1417)  (3208,1465)  (3113,1560)  (3209,1273)  (3209,1321)  (3209,1513)  (3209,1561)  (3161,1561)  (2816,1472)  (3065,1570)  (2777,1424)  (3256,1369)  (3256,1417)  (3256,1465)  (3257,1273)  (3257,1321)  (3257,1513)  (3257,1561)  (2729,1450)  (2681,1435)  (2633,1416)  (2612,1561)
Eastern Europe  (1231,493)  (1278,541)  (1230,541)  (1215,445)  (1263,445)  (1279,493)  (1272,589)  (1224,589)  (1179,397)  (1227,397)  (1275,397)  (1292,637)  (1244,637)  (1228,349)  (1276,349)  (1303,685)  (1255,685)  (1325,733)  (1277,733)  (1229,733)  (1299,781)  (1251,781)
24 Sea Zone  (569,1812)  (521,1859)  (521,1811)  (616,1860)  (569,1764)  (617,1764)  (617,1812)  (519,1763)  (568,1907)  (520,1907)  (473,1859)  (473,1811)  (664,1860)  (664,1908)  (616,1908)  (472,1908)  (567,1716)  (615,1716)  (663,1716)  (665,1764)  (665,1812)  (471,1763)  (471,1715)  (519,1715)  (711,1670)  (425,1860)  (425,1812)  (712,1860)  (712,1908)  (424,1950)  (567,1668)  (615,1668)  (663,1668)  (713,1718)  (713,1766)  (423,1764)  (423,1716)  (423,1668)  (471,1667)  (519,1667)  (711,1622)  (759,1622)  (759,1670)  (760,1814)  (760,1862)  (760,1910)  (381,1620)  (567,1620)  (615,1620)  (663,1620)  (761,1718)  (761,1766)  (429,1619)  (477,1619)  (711,1574)  (759,1574)  (807,1574)  (807,1622)  (807,1670)  (808,1814)  (808,1862)  (808,1910)  (539,1572)  (587,1572)  (635,1572)  (809,1718)  (809,1766)
Southern Europe  (992,772)  (1040,763)  (1088,755)  (1133,803)  (1136,731)
India  (1847,1009)  (1894,1057)  (1846,1057)  (1805,961)  (1853,961)  (1895,1009)  (1901,955)  (1900,1105)  (1852,1105)  (1943,1003)  (1902,1153)
9 Sea Zone  (528,508)  (575,556)  (527,556)  (504,460)  (552,460)  (576,508)  (600,436)  (617,604)  (569,604)  (521,604)  (504,412)  (552,412)  (600,388)  (617,652)  (569,652)  (521,652)  (504,364)  (552,364)  (600,340)
Greenland  (332,23)  (378,71)  (380,1)
45 Sea Zone  (2705,832)  (2657,878)  (2742,784)  (2753,832)  (2753,880)  (2705,880)  (2790,755)  (2801,803)  (2792,928)  (2744,928)  (2696,928)  (2617,721)  (2580,769)  (2816,707)  (2665,700)  (2792,976)  (2744,976)  (2696,976)  (2611,673)  (2812,659)  (2659,652)  (2707,645)  (2792,1024)  (2744,1024)  (2696,1024)  (2603,625)  (2816,611)  (2651,604)  (2699,597)  (2792,1072)  (2744,1072)  (2816,563)  (2698,549)  (2672,1119)  (2792,1120)  (2744,1120)  (2820,515)  (2786,427)  (2735,411)
Siberia  (2343,182)  (2295,229)  (2295,181)  (2390,230)  (2343,134)  (2391,134)  (2391,182)  (2293,133)  (2336,277)  (2288,277)  (2438,230)  (2341,86)  (2389,86)  (2437,86)  (2439,134)  (2439,182)  (2263,85)  (2444,282)  (2288,325)  (2486,230)  (2311,38)  (2359,38)  (2407,38)  (2455,38)  (2461,330)  (2492,278)  (2413,339)  (2526,326)  (2534,197)  (2365,379)  (2540,245)  (2439,387)  (2281,387)  (2554,374)  (2574,293)  (2391,427)  (2588,239)  (2602,345)  (2612,393)  (2660,366)  (2660,414)
Italian East Africa  (1299,1394)  (1251,1409)  (1311,1442)  (1317,1346)  (1347,1394)
48 Sea Zone  (3010,413)  (3058,401)  (2999,338)  (3106,374)  (3106,422)  (2999,290)  (2999,242)  (3018,194)  (3070,97)  (3070,49)  (3071,1)
Szechwan  (2090,761)  (2138,751)  (2042,754)  (2186,758)  (1996,706)  (1994,759)  (2196,860)  (2198,806)  (2234,751)  (2237,908)  (1948,711)  (1946,780)  (2244,854)  (2246,799)  (2285,902)  (2244,956)
Colombia Venezuela  (109,1088)  (61,1135)  (126,1136)  (157,1078)  (78,1183)  (205,1051)  (83,1231)
33 Sea Zone  (2520,1610)  (2472,1657)  (2556,1658)  (2568,1610)  (2480,1705)  (2432,1705)  (2424,1657)  (2616,1610)  (2465,1753)  (2417,1753)  (2469,1801)  (2421,1801)  (2469,1849)  (2421,1849)  (2475,1897)  (2427,1897)  (2677,1932)  (2843,1610)  (2475,1945)  (2427,1945)  (2869,1658)  (2891,1610)  (2907,1706)  (2917,1658)  (2920,1949)  (2937,1754)  (2938,1896)  (2939,1610)  (2951,1802)  (2955,1706)
49 Sea Zone  (3171,415)  (3156,367)  (3219,400)
6 Sea Zone  (743,120)  (695,156)  (647,195)  (647,147)  (842,120)  (848,213)  (613,243)  (874,261)  (736,266)  (890,120)  (887,309)  (938,120)
Borneo  (2401,1383)  (2427,1335)  (2450,1429)  (2501,1417)  (2454,1378)
French West Africa  (665,1229)  (617,1264)  (617,1216)  (712,1277)  (665,1181)  (713,1181)  (713,1229)  (603,1168)  (664,1312)  (760,1277)  (751,1325)  (651,1133)  (699,1133)  (761,1165)  (761,1213)  (594,1120)  (703,1360)  (751,1373)  (642,1085)
East Indies  (2184,1375)  (2219,1472)  (2269,1495)  (2202,1423)
Philippine Islands  (2509,1148)  (2483,1197)  (2533,1197)
10 Sea Zone  (394,599)  (441,647)  (393,647)  (421,551)  (442,599)  (441,431)
Brazil  (299,1247)  (251,1234)  (346,1295)  (298,1295)  (299,1199)  (347,1199)  (347,1247)  (237,1186)  (394,1295)  (385,1343)  (337,1343)  (285,1151)  (395,1203)  (189,1214)  (189,1166)  (443,1232)
31 Sea Zone  (2255,1215)  (2290,1263)  (2303,1188)  (2337,1137)  (2338,1236)  (2147,1263)  (2351,1185)  (2111,1135)  (2109,1215)  (2099,1263)  (2091,1087)  (2063,1167)  (2061,1215)
42 Sea Zone  (3204,703)  (3247,751)  (3204,655)  (3252,655)  (3252,703)  (3295,751)  (3295,799)  (3247,799)  (3204,607)  (3252,607)  (3301,847)  (3253,847)  (3205,847)  (3204,559)  (3252,559)  (3204,511)  (3252,511)
Okinawa  (2703,1077)
13 Sea Zone  (398,862)  (445,910)  (397,910)  (373,814)  (421,814)  (446,862)  (469,791)  (490,958)  (442,958)  (394,958)  (373,766)  (421,766)  (469,743)  (374,718)
Sahara  (868,1089)  (820,1108)  (820,1060)  (916,1089)  (950,1137)  (772,1103)  (772,1055)  (998,1112)  (998,1160)  (724,1061)  (1046,1113)  (1046,1161)  (1094,1122)  (1094,1170)
25 Sea Zone  (878,1489)  (925,1537)  (830,1441)  (878,1441)  (926,1443)  (960,1585)  (912,1585)
Eastern United States  (59,637)  (11,684)  (11,636)  (106,685)  (59,589)  (107,599)  (9,588)  (154,647)  (154,695)  (155,584)  (0,540)  (48,540)  (202,632)  (203,582)  (251,555)
3 Sea Zone  (664,45)  (616,71)  (616,23)  (712,1)  (712,49)  (760,1)  (760,49)  (849,71)  (880,1)  (897,49)  (928,1)  (945,49)  (976,1)  (993,49)  (1024,1)  (1072,1)  (1120,1)
Sweden  (1026,293)
Himalaya  (2004,861)  (1956,878)  (2051,909)  (2034,813)  (2052,861)  (2100,829)
Anglo-Egypt Sudan  (1181,1206)  (1133,1253)  (1228,1254)  (1200,1158)  (1229,1206)  (1248,1139)  (1180,1301)  (1245,1302)  (1219,1091)  (1170,1075)  (1197,1349)  (1149,1349)  (1182,1397)  (1134,1397)
47 Sea Zone  (2810,347)  (2762,358)  (2762,310)  (2810,299)  (2876,406)  (2714,309)  (2909,356)  (2919,272)  (2924,404)  (2925,224)  (2935,176)  (2983,131)  (2997,83)  (3010,35)
Hawaiian Islands  (3184,1032)  (3115,975)  (3163,984)
17 Sea Zone  (1223,936)  (1211,984)  (1270,965)  (1272,914)
12 Sea Zone  (227,978)  (275,988)  (179,977)  (287,917)  (300,1036)  (323,987)  (132,903)  (131,961)  (84,913)
Solomon Islands  (2934,1448)  (3049,1530)  (3016,1491)  (2973,1464)
5 Sea Zone  (1054,390)  (1102,354)  (1127,296)  (1110,248)  (1221,263)  (1110,200)
New Guinea  (2724,1516)  (2675,1504)  (2774,1518)
44 Sea Zone  (2876,676)  (2907,724)  (2876,628)  (2924,628)  (2924,676)  (2955,724)  (2955,772)  (2907,772)  (2876,580)  (2924,580)  (2972,580)  (2972,628)  (2972,676)  (2998,820)  (2950,820)  (2902,820)  (2876,532)  (2924,532)  (2972,532)  (2998,868)  (2950,868)  (2902,868)  (2876,484)  (2924,484)  (2972,484)
Norway Finland  (978,200)  (956,248)  (1024,152)  (1117,70)  (1181,184)
8 Sea Zone  (666,464)  (666,416)  (714,422)  (714,470)  (666,368)  (666,581)  (675,629)
32 Sea Zone  (2453,1482)  (2500,1530)  (2452,1530)  (2501,1475)  (2380,1428)  (2336,1380)  (2514,1347)  (2320,1332)
Midway  (3105,590)
Australia  (2699,1801)  (2651,1848)  (2651,1800)  (2746,1849)  (2699,1753)  (2747,1753)  (2747,1801)  (2649,1752)  (2603,1888)  (2603,1840)  (2794,1849)  (2794,1897)  (2697,1705)  (2745,1705)  (2795,1716)  (2795,1764)  (2601,1792)  (2601,1744)  (2649,1704)  (2555,1904)  (2555,1856)  (2842,1812)  (2842,1860)  (2842,1908)  (2697,1657)  (2843,1742)  (2553,1808)  (2553,1760)  (2890,1813)
1 Sea Zone  (228,126)  (180,173)  (207,221)  (159,221)  (132,173)  (111,242)  (205,269)
Caucasus  (1614,618)  (1566,617)  (1634,666)  (1586,666)  (1614,570)  (1662,570)  (1662,618)  (1564,569)  (1595,714)  (1547,714)  (1710,576)  (1710,624)  (1725,729)  (1730,672)  (1596,762)  (1758,590)  (1772,777)  (1773,720)  (1778,638)  (1624,810)  (1576,810)  (1820,768)  (1821,686)  (1826,620)  (1869,668)  (1869,716)
Gibraltar  (655,908)  (685,887)
West Russia  (1484,421)  (1436,468)  (1436,420)  (1531,469)  (1484,373)  (1532,373)  (1532,421)  (1434,372)  (1388,471)  (1388,423)  (1579,469)  (1580,343)  (1580,391)  (1386,375)  (1627,439)  (1628,339)  (1628,387)  (1675,435)  (1676,367)
Western Europe  (764,586)  (811,634)  (763,634)  (797,538)  (812,586)  (845,505)  (854,682)  (806,682)  (758,682)  (860,553)  (860,601)  (845,730)  (797,730)
Belgian Congo Kenya  (1109,1548)  (1061,1595)  (1061,1547)  (1156,1596)  (1109,1500)  (1157,1500)  (1157,1548)  (1059,1499)  (1204,1596)  (1204,1644)  (1156,1644)  (1205,1472)  (1205,1520)  (1011,1523)  (1030,1451)  (1078,1451)  (1253,1494)  (1253,1542)
United Kingdom  (833,367)  (784,368)  (780,320)  (809,271)  (790,224)  (784,175)  (827,319)
14 Sea Zone  (543,945)  (591,924)  (591,972)  (539,719)
Manchuria  (2479,532)  (2431,579)  (2431,531)  (2526,580)  (2479,484)  (2527,484)  (2527,532)  (2488,436)  (2536,436)  (2575,484)  (2575,532)  (2534,667)  (2623,503)  (2542,715)
21 Sea Zone  (69,1788)  (21,1835)  (21,1787)  (116,1836)  (69,1740)  (117,1740)  (117,1788)  (19,1739)  (68,1883)  (20,1883)  (164,1836)  (164,1884)  (116,1884)  (67,1692)  (115,1692)  (165,1740)  (165,1788)  (0,1691)  (68,1931)  (20,1931)  (212,1836)  (212,1884)  (212,1932)  (164,1932)  (116,1932)  (213,1745)  (225,1645)  (251,1693)  (242,1597)  (260,1793)  (260,1841)  (260,1889)  (260,1937)  (261,1741)  (273,1645)  (290,1567)  (299,1693)  (308,1789)  (308,1837)  (308,1885)  (308,1933)  (309,1741)  (321,1615)  (325,1519)
36 Sea Zone  (3352,1448)  (3399,1496)  (3351,1496)  (3333,1400)  (3381,1400)  (3400,1448)  (3429,1371)  (3447,1496)  (3447,1544)  (3399,1544)  (3351,1544)  (3333,1352)  (3381,1352)  (3448,1419)  (3429,1323)  (3451,1592)  (3403,1592)  (3355,1592)  (3333,1304)  (3381,1304)
22 Sea Zone  (410,1421)  (457,1469)  (409,1469)  (448,1373)  (458,1421)  (489,1517)  (441,1517)  (393,1517)  (462,1325)  (489,1565)  (441,1565)  (393,1565)  (468,1163)  (413,1130)  (461,1115)  (373,1082)  (421,1067)  (373,1034)
35 Sea Zone  (3323,1729)  (3275,1776)  (3275,1728)  (3370,1777)  (3323,1681)  (3371,1681)  (3371,1729)  (3273,1680)  (3322,1824)  (3274,1824)  (3418,1777)  (3418,1825)  (3370,1825)  (3419,1653)  (3419,1701)  (3322,1872)  (3274,1872)  (3451,1873)  (3403,1873)  (3355,1920)  (3307,1920)  (3451,1921)  (3403,1921)